30043514
31082721
31072626
31155829
31153869
31139796
31174727
30035618
30012226
30011563
30011482
30010368
30009033
30006920
30006075
30006056
30004445
31018386
31005429
30047426
30014929
30008173
30008681
30010390
30021983
30012007
30002373
30043624
30032193
30046851
30039790
30039854
30020005
30042558
31006370
30016967
31001469
31008538
31008865
31013926
30047209
31007305
31021232
31023102
31029718
31030069
31031104
30016197
31024394
31030473
31030499
30012436
30012038
31029366
30024451
30024446
30024077
30036660
30036378
30035230
30033056
30032052
30031828
30029631
30029493
30029280
30028893
30028457
30026221
30025412
30025143
30024229
30023720
30023350
30020338
30019748
30017753
30014756
30014713
30013097
30012859
30012757
30012693
30012677
30012635
30012634
30012608
30012602
30012570
30012569
30012529
30012527
30012513
30012511
30012489
30012486
30012483
30012471
30012465
30012459
30012453
30012447
30012433
30012411
30012408
30012406
30012386
30012384
30012334
30012332
30012320
30012271
30012253
30012190
30012165
30012149
30012145
30012121
30012080
30011959
30011955
30011917
30011822
30011813
30011774
30011720
30011582
30011566
30011561
30011554
30011529
30011419
30011357
30011352
30011338
30011247
30011215
30011075
30010980
30010909
30010885
30010881
30010876
30010863
30010836
30010826
30010819
30010765
30010662
30010474
30010379
30010339
30010242
30010179
30010153
30010136
30010045
30009968
30009895
30009802
30009773
30009676
30009546
30009251
30009158
30009091
30009071
30008921
30008804
30008780
30008738
30008674
30008370
30008166
30008074
30007910
30007876
30007845
30007781
30007550
30007516
30007346
30007322
30007001
30006963
30006961
30006290
30006232
30005866
30005686
30005663
30005650
30005642
30005204
30005023
30004985
30002065
30004816
30004559
30004513
30004475
30004020
30003821
30003784
30003712
30002366
30002221
31032035
31031083
31030308
31029085
31028729
31028683
31027892
31027335
31027261
31026965
31026963
31026225
31025975
31025971
31025937
31025782
31022530
31021521
31021447
31020416
31020115
31019182
31019041
31017948
31017547
31015573
31015208
31015068
31014064
31013320
31013113
31010230
31009121
31008822
31008402
31008321
31007988
31007496
31005409
31005054
31004819
31004204
31003870
31003650
31003081
31001418
31001080
31001066
31000395
31000147
30048955
30048910
30048128
30048037
30047750
30047052
30046482
30044998
30044038
31028672
30044651
30005855
31023070
30002412
30002662
30004174
30005813
30006478
30006178
30006357
30004473
30005215
30005217
30005475
30005844
31012731
30006281
30006294
30002820
30006098
30006692
30006785
30046338
30042944
30006300
31029452
31026787
30006223
30007312
31010559
30005077
30002628
31010470
30003002
30004577
30006437
30007146
30007207
30007430
30007310
31028649
31020616
31009216
31028180
30036788
30006719
30007664
30004234
30005280
30018930
30007801
30006431
30006847
30007036
30007804
31030327
31009436
30002547
30003670
30005441
30004104
31020090
30003816
30006886
30008605
30008437
30007992
30006380
30016991
30008226
30007656
31030965
30005501
30006311
30006383
30007985
31018193
30004909
31029448
30006982
31025718
31011371
30005267
30007483
30009523
30008861
30008066
30043369
31003027
30006879
30009037
30008402
31014383
30030022
30006370
30008470
30008283
30016414
30009946
30009012
31017871
30002911
30008974
31026672
30009621
30002274
30003194
30004429
30009754
30009666
30006808
30003539
30026602
30019720
31000019
30001155
30009127
30016121
30010264
30009100
30008841
30003648
31024389
30003485
30008532
31031440
30004977
30001799
30042141
30005482
30010050
30008579
31009615
30010314
31022385
30002612
30009244
31022105
30003261
30004849
30005153
30005246
30010165
30009181
30008176
30008210
30002899
30045063
30042453
30005228
30011155
30009977
30008837
30007981
30005870
30011088
30010374
31031589
30003279
30004012
30004308
30006182
31017756
30002761
30022598
30006355
30012979
30011400
30010187
30008231
30007795
30005586
30009804
30009124
30008199
31103104
30010864
30010409
30008900
31015049
30010450
30040649
30039725
30029958
30010271
31006323
31019886
30010009
30009360
30008174
30033592
30010055
30009723
30012138
30010532
30008576
30008457
30007370
30010712
30009796
31023082
30001145
30001803
30002235
30002256
30002470
31019309
31016932
30003214
31019838
30003557
30021794
31009999
30003884
30004274
30003673
30004154
30004322
30003734
30003998
30031881
30015263
31025747
30032410
30005084
30005089
30048378
30004762
30004878
30004811
30005116
30004400
30004836
30001360
31028221
30001897
31016822
30027802
30012942
30008852
30012019
30010120
30002456
30003379
30006168
30011154
30010193
30009308
30007327
30012694
30010925
31022710
30010938
30009503
30013193
30012314
30008522
30028357
30013111
30012604
30011749
30022244
30011207
30009025
31015196
30014834
30009477
30016041
30015562
30009942
31028110
31027578
31025608
31003076
30009778
30007364
30040931
30035159
30047142
30047704
30046966
30046372
30046134
30044289
30039909
30036571
30033564
30034613
30047844
30047292
30043679
30043289
30040925
31025600
30045627
30045393
30043858
30043787
30042846
30038840
30038329
30036206
30038210
30045591
30044140
30042839
30040421
30038798
30048345
30043887
30042021
30011643
30012972
30045335
30044687
31010638
30045218
30044562
30010702
30034939
30044858
30047055
30046747
30043727
30034436
30033218
30048343
30046895
30047143
30045573
30044694
30046529
30043363
30011576
30047157
30047110
30020670
30020554
31011355
31000272
30047621
30044176
30041053
31000413
31000173
30046802
30046382
30037818
30036283
30002585
31003991
30028912
30012669
30004474
30006455
30015864
30015832
30015642
30006768
30006867
30010484
30010381
30010328
30013197
30047851
30041301
30038017
30044227
30035948
30038975
30046902
30043817
30038004
30036178
30035808
30033743
31000727
30041961
30040404
30038431
30040143
31000058
30038026
30036022
30034454
30031021
30032921
31001305
30047249
30042408
31028244
31001277
30046103
30043038
30014301
31000998
31021455
31001179
30046171
30037082
30044852
30047148
31001178
30048571
30046050
30042730
30041130
30046545
30044019
31002499
30046158
30044045
30028498
30009822
30041061
30015869
30033531
30006216
30016450
30016284
30006479
30015276
30016392
30016341
31013848
31000876
30048291
30049251
30044690
31003557
31002879
31001758
31001224
30049066
30043553
31002801
30046447
31002235
31001261
31000527
30045034
31001613
31006230
31003926
31001606
30047559
30043138
30042222
30047862
31031119
31000524
30044122
30045091
30042920
30040817
31022884
30026497
30044901
30044865
30046988
30044872
30042831
30041267
30040758
31000842
30048476
30044793
30041448
30041578
31017915
30031100
31004671
30044649
31004978
31004597
30015572
30014870
30008281
30007272
30005298
30016361
30015728
30015421
30015339
30015310
30015190
30014353
30014315
30014314
30014078
30013753
30005934
31022954
30012849
31005377
31003949
31001216
30039744
30047505
31006001
31003813
31003090
31001992
31005742
31028296
31002699
31001126
31000380
31006404
31015118
31001385
31000624
30048022
31006362
31000681
31006585
31000183
31007080
31004661
31003599
31003899
31002482
30044577
31005727
31001601
31004572
31001114
31021846
31005533
30010414
30009826
30008927
30014874
30016213
30012678
30010034
30016039
30013979
30011095
31030683
30017061
30006773
30010815
31004807
31002490
31008761
31009228
31009091
31008266
31003832
31000866
31000425
31004156
30043314
30044639
30033467
31005766
31009405
31022319
31007445
31009697
31009019
31006900
31002024
31008351
31007441
31009979
31008664
31008067
31007647
31007063
30038980
31008728
31008055
31008007
30014556
30013084
30008813
30016778
30014164
30004406
30015551
30014612
30013690
30013671
30012335
30010701
30007619
30002371
30029994
31009760
31004795
30044230
31006546
31011589
31010142
30027796
31028628
31011788
31018268
31011722
31008847
31011404
31025949
31011986
31011417
31012503
30025065
31028112
31022013
31012228
31011305
31011304
31009960
31007842
31013009
31010898
31010602
31006203
31003580
31004461
31010532
31007833
31007432
31005447
31003038
31002226
30049103
31011648
31010373
31009800
31008406
30038034
30017309
30017223
30012390
30008082
30013373
30008527
30017525
30015720
30009886
30026940
30017668
30017660
30015131
31031618
31015980
30018518
30015730
30009102
31013170
31012978
31013677
31022093
31013120
31009540
31021204
31014108
31002206
31013611
31013858
31014654
31014650
31014433
31013872
31013281
31015231
31015198
31015167
31014966
31014130
31012193
31014861
31011290
31008818
31005413
31016165
31015664
31012733
31011842
31014713
31011027
31009880
31006077
31016342
31016095
31015041
31014473
31013474
31012999
31009864
31009365
30016908
30007919
30016984
30010539
31021821
30018669
30018020
30016919
31016627
31016287
31015673
31015303
31014463
31006742
31006541
31017089
31017078
31007274
31017463
31015725
31015426
31017309
31016737
31013327
31010045
31009862
31017654
31017423
31001752
31017645
31007805
31017395
31016772
31016060
31017899
31010323
31010073
31018832
31018647
31015684
31019105
31018655
30018758
30018325
30014031
30011921
30018820
30018761
31004575
30018255
30018209
30017714
30016016
30012934
30010589
30008749
30029618
30025489
31031412
31013884
31019113
31019651
31019901
31019581
31017169
31012243
31019733
31020419
31019693
31026187
31020094
31020071
31019602
31019120
31018026
31014789
31013067
31018302
31015389
31015076
31012276
31011040
31017653
31017648
31017500
31014777
31014076
31018744
31010847
31018935
31021511
31018351
31021882
31021673
31021966
